12 0.4078125 0.55390625 0.11328125 0.4640625
8 0.265625 0.63828125 0.11328125 0.4640625
9 0.16015625 0.68125 0.103125 0.4203125
1 0.9328125 0.3296875 0.0765625 0.35078125
1 0.84140625 0.38359375 0.09140625 0.38203125
5 0.73828125 0.39765625 0.10078125 0.4640625
9 0.634375 0.4234375 0.08203125 0.47578125
8 0.54453125 0.48671875 0.103125 0.49296875
12 0.40390625 0.54921875 0.125 0.4546875
8 0.25859375 0.640625 0.0984375 0.44921875
1 0.9359375 0.3125 0.06484375 0.35078125
1 0.85 0.36640625 0.0796875 0.3296875
5 0.7359375 0.3796875 0.09140625 0.40859375
9 0.63828125 0.41328125 0.09375 0.4328125
8 0.54453125 0.4734375 0.09375 0.47578125