2 0.5359375 0.5015625 0.09140625 0.5890625
7 0.62109375 0.509375 0.07421875 0.571875
25 0.4015625 0.515625 0.14453125 0.6515625
6 0.1765625 0.515625 0.0890625 0.55546875
5 0.27734375 0.5328125 0.0890625 0.5890625
2 0.7125 0.54921875 0.09375 0.55546875
1 0.9046875 0.65 0.06484375 0.540625
1 0.82421875 0.65859375 0.0578125 0.52421875
5 0.2796875 0.525 0.084375 0.603125
2 0.5359375 0.5328125 0.09140625 0.5890625
25 0.40625 0.540625 0.15390625 0.634375
7 0.6265625 0.53984375 0.0890625 0.603125
2 0.7203125 0.5484375 0.0890625 0.58671875
6 0.18046875 0.5484375 0.09609375 0.6203125
1 0.8234375 0.61875 0.0890625 0.540625
1 0.9078125 0.6515625 0.0890625 0.509375