4 0.1359375 0.4125 0.0984375 0.30078125
6 0.21875 0.428125 0.08203125 0.259375
4 0.48671875 0.5375 0.07421875 0.30546875
22 0.35078125 0.5421875 0.14453125 0.18046875
8 0.58046875 0.55859375 0.11328125 0.2953125
3 0.678125 0.5828125 0.071875 0.2765625
2 0.79921875 0.65390625 0.07421875 0.2453125
2 0.8921875 0.69609375 0.08203125 0.2765625
4 0.1359375 0.40390625 0.09375 0.33203125
6 0.22734375 0.43125 0.11328125 0.31484375
4 0.49296875 0.51328125 0.08671875 0.32421875
22 0.365625 0.5453125 0.1734375 0.1921875
8 0.58046875 0.55390625 0.0984375 0.3484375
22 0.3609375 0.5671875 0.1734375 0.196875
3 0.6875 0.58984375 0.10546875 0.3390625
2 0.80078125 0.65625 0.09609375 0.3078125
2 0.89453125 0.69609375 0.09140625 0.31484375